002006070004000300060050009009500060070080010030004700400020080005000900020900100
090200030000500400001006070005000800020801060007000500070400200003007000040003010
800003000030500400100600200000080001090020050600010000004007002002004090000900008
007050800100700030040008060090000500004000100005000090030800050020005001001070300
000030060700000500100008020005200800020609070008004100040500002003000007050020000
000800010060070200000006003002600400006501800001009500400200000007040080080003000
060800000002070900400009080000005020008060700040100000020700005001080600000003010
581706004937400815420000769643000978000309501190074600000640000800200007000900000
950423618003758000842691537018260745500000021290517803701000000489275000625180794
720050061150769200908210500397621400006930010812540009471082590080000347230070180
670910032429708506300426087145672000906301275200859160593184702810000000000593800
003524001815700234642831579200045318534000600180390000721950000360472090459080002

